0 {5506, 260, 5509, 7, 263, 265, 522, 5511, 780, 5520, 274, 5531, 285, 5536, 290, 436, 694, 346, 93, 862, 349, 608, 865, 351, 867, 222, 360, 876, 371, 887, 376, 892}
1 {930, 5574, 935, 905, 1098, 5579, 1083, 5549, 908, 910, 5552, 5554, 919, 5563}
2 {737}
3 {479}
4 {403, 419, 389, 392, 394, 414}
5 {823}
6 {50}
7 {651}
8 {306, 308, 328, 333, 317, 303}
9 {565}
10 {5506, 260, 5509, 263, 136, 265, 522, 5511, 780, 5520, 274, 5531, 285, 5536, 290, 436, 694, 346, 93, 862, 349, 608, 865, 351, 867, 222, 360, 876, 371, 887, 376, 892}
11 {5597, 1126, 5606, 1227, 1356, 5617, 1141, 5622, 5592, 5595, 1212, 1341}
12 {962, 1571, 973, 978, 948, 951, 953, 1399}
13 {179}
14 {1793, 1796, 1797, 1799, 1801, 1805, 4394, 4910, 4409, 1595, 4925, 1599, 1603, 1609, 1611, 1612, 1614, 1617, 1619, 1621, 1624, 1625, 1627, 1629, 1633, 4480, 4495, 1681, 1685, 1689, 1695, 1697, 1698, 1700, 1703, 1705, 1707, 1710, 1711, 1713, 1715, 1719, 4566, 4581, 1767, 1255, 1771, 1775, 1781, 1270, 1783, 1784, 1786, 1789, 1791}
15 {1184, 1169}
16 {5635, 5638, 5640, 522, 780, 5649, 5660, 608, 5665, 5986, 6372, 6373, 436, 5814, 5943, 694, 6396}
17 {1442, 1083, 1098}
18 {1005, 994, 996, 1016, 1021, 991}
19 {1313, 1298}
20 {4452, 4437}
21 {1793, 1796, 1797, 1799, 1801, 1805, 1810, 1814, 1818, 1824, 1826, 1827, 1829, 1832, 1834, 4395, 1836, 4911, 1839, 1840, 1842, 1844, 1848, 1595, 1600, 1603, 1609, 1611, 1612, 1617, 1619, 1621, 1624, 1625, 1627, 1629, 1633, 4481, 1681, 1686, 1689, 1695, 1697, 1698, 1703, 1705, 1707, 1710, 1711, 1713, 1715, 1719, 4567, 1767, 1772, 1775, 1781, 1783, 1784, 1789, 1791}
22 {1728, 1762, 1756, 1732, 1738, 1740, 1741, 1743, 1746, 1748, 1750, 1753, 1754, 1724, 1758}
23 {1664, 1667, 1668, 1638, 1670, 4968, 1672, 1642, 1676, 1646, 1657, 1652, 1654, 1655, 4953, 1660, 1662}
24 {4538, 4523}
25 {4609, 4867, 2058, 2316, 2574, 2832, 4624, 4882, 2107, 2365, 2623, 2113, 2881, 2371, 2629, 2887, 4695, 2144, 2402, 2660, 2918, 4710, 1935, 2193, 2451, 2709, 1941, 2199, 2967, 2457, 2715, 2973, 1972, 2230, 2488, 2746, 3004, 2021, 2279, 2537, 2795, 2027, 2285, 2543, 2801}
26 {6416, 6439, 6415}
27 {6072, 5857, 6244, 6287}
28 {6029, 823}
29 {5681, 5683, 5703, 5692, 5678, 5708}
30 {1141, 1126, 1356, 1227, 1212, 1341}
31 {1571, 1485, 1399}
32 {1059, 1034, 1048, 1064, 1037, 1039}
33 {1857, 1891, 1861, 1867, 1885, 1869, 1870, 1872, 1875, 1877, 1879, 1882, 1883, 1853, 1887}
34 {4438}
35 {1793, 1796, 1797, 1799, 1801, 1805, 1810, 1815, 1818, 1824, 1826, 1827, 1832, 1834, 4395, 1836, 4911, 1839, 1840, 1842, 1844, 1848, 1595, 1600, 1603, 1609, 1611, 1612, 1617, 1619, 1621, 1624, 1625, 1627, 1629, 1633, 4481, 1681, 1686, 1689, 1695, 1697, 1698, 1703, 1705, 1707, 1710, 1711, 1713, 1715, 1719, 4567, 1767, 1772, 1775, 1781, 1783, 1784, 1789, 1791}
36 {1729, 1762, 1756, 1732, 1738, 1740, 1741, 1746, 1748, 1750, 1753, 1754, 1724, 1758}
37 {1664, 1667, 1668, 1638, 1670, 1672, 1643, 1676, 1646, 1652, 1654, 1655, 4954, 1660, 1662}
38 {4524}
39 {4610, 4868, 2058, 2316, 2574, 1935, 2832, 2193, 2451, 2709, 1941, 2199, 2967, 2457, 2715, 2973, 1972, 2230, 2488, 2746, 2107, 3004, 2365, 2623, 2113, 2881, 2371, 2629, 2887, 4696, 2144, 2402, 2660, 2021, 2918, 2279, 2537, 2795, 2027, 2285, 2543, 2801}
40 {1793, 1796, 1797, 1799, 1801, 1805, 4394, 4395, 4910, 4911, 1595, 1599, 1600, 1603, 1609, 1611, 1612, 1617, 1619, 1621, 1624, 1625, 1627, 1629, 5470, 1633, 4480, 4481, 4996, 1681, 5011, 1685, 1686, 1689, 1695, 1697, 1698, 1703, 1705, 1707, 1710, 1711, 1713, 1715, 1719, 4566, 4567, 5341, 1767, 1771, 1772, 1775, 1781, 1783, 1784, 1789, 1791}
41 {4667, 4652}
42 {2187, 2156, 2150}
43 {2752, 2789, 2758}
44 {2273, 2242, 2236}
45 {1984, 1978, 2015}
46 {2064, 2101, 2070}
47 {1793, 1796, 1797, 1799, 1801, 1805, 1595, 1599, 1603, 1609, 1611, 1612, 1614, 1617, 1619, 1621, 1624, 1625, 1627, 1629, 1633, 4738, 1681, 4753, 1685, 1689, 1695, 1697, 1698, 1700, 1703, 1705, 1707, 1710, 1711, 1713, 1715, 1719, 1767, 1771, 1775, 1781, 1783, 1784, 1786, 1789, 1791}
48 {2672, 2666, 2703}
49 {2961, 2930, 2924}
50 {3016, 3010, 3047}
51 {2875, 2844, 2838}
52 {2531, 2500, 2494}
53 {2617, 2586, 2580}
54 {2408, 2445, 2414}
55 {2328, 2322, 2359}
56 {6482, 6459, 6458}
57 {608, 6115, 6372, 6373, 522, 780, 436, 694, 6396}
58 {6330}
59 {5900}
60 {6498, 6500, 5735, 6509, 5746, 5751, 6520, 5721, 5724, 6525, 5726, 6495}
61 {1528}
62 {1920, 1922, 1925, 1926, 1928, 1896, 1930, 1900, 1934, 1904, 1910, 1912, 1913, 1915, 1918}
63 {1858, 1891, 1861, 1867, 1885, 1869, 1870, 1875, 1877, 1879, 1882, 1883, 1853, 1887}
64 {4480, 1793, 4481, 1796, 1797, 4997, 1799, 1801, 1805, 1681, 1685, 1686, 1689, 1695, 1697, 1698, 1703, 1705, 4394, 4395, 1707, 4910, 4911, 1710, 1711, 1713, 1715, 1719, 1595, 1599, 1600, 1603, 1609, 1611, 1612, 1617, 1619, 1621, 4566, 4567, 1624, 1625, 1627, 1629, 5470, 5341, 1633, 1767, 1771, 1772, 1775, 1781, 1783, 1784, 1789, 1791}
65 {4653}
66 {1793, 4739, 1796, 1797, 1799, 1801, 1805, 1681, 1686, 1689, 1695, 1697, 1698, 1703, 1705, 1707, 1710, 1711, 1713, 1715, 1719, 1595, 1600, 1603, 1609, 1611, 1612, 1617, 1619, 1621, 1624, 1625, 1627, 1629, 1633, 1767, 1772, 1775, 1781, 1783, 1784, 1789, 1791}
67 {5384, 5298, 5126}
68 {4437, 4438}
69 {1793, 1796, 1797, 1799, 1801, 1805, 1810, 1814, 1815, 1818, 1824, 1826, 1827, 1832, 1834, 4395, 1836, 4911, 1839, 1840, 1842, 1844, 1848, 1595, 1600, 1603, 1609, 1611, 1612, 1617, 1619, 1621, 1624, 1625, 1627, 1629, 1633, 4481, 1681, 1686, 1689, 1695, 1697, 1698, 1703, 1705, 1707, 1710, 1711, 1713, 1715, 1719, 4567, 1767, 1772, 1775, 1781, 1783, 1784, 1789, 1791}
70 {5054, 5039}
71 {1728, 1729, 1762, 1756, 1732, 1738, 1740, 1741, 1746, 1748, 1750, 1753, 1754, 1724, 1758}
72 {1664, 1667, 1668, 1638, 1670, 1672, 1642, 1643, 1676, 1646, 1652, 1654, 1655, 4953, 4954, 1660, 1662}
73 {4523, 4524}
74 {4609, 4610, 4867, 4868, 2058, 2316, 2574, 2832, 2107, 2365, 2623, 2113, 2881, 2371, 2629, 2887, 4695, 4696, 2144, 2402, 2660, 2918, 1935, 2193, 2451, 2709, 1941, 2199, 2967, 2457, 2715, 2973, 1972, 2230, 2488, 2746, 3004, 2021, 2279, 2537, 2795, 2027, 2285, 2543, 2801}
75 {1664, 1667, 1668, 1638, 1670, 1672, 1642, 1676, 1646, 1652, 1654, 1655, 1657, 1660, 1662}
76 {4867, 2058, 2316, 2574, 2832, 4882, 2107, 2365, 2623, 2113, 2881, 2371, 2629, 2887, 4695, 2144, 2402, 2660, 2918, 4710, 1935, 2193, 2451, 2709, 1941, 2199, 2967, 2457, 2715, 2973, 4781, 1972, 2230, 2488, 2746, 3004, 4796, 2021, 2279, 2537, 2795, 2027, 2285, 2543, 2801}
77 {6072, 6244, 6158, 6287}
78 {7182, 7183, 7184, 7186, 7187, 7192, 7194, 7197, 7203, 7204, 7205, 7208, 7210, 7213, 7221, 7268, 7269, 7270, 7272, 7273, 7278, 7280, 7283, 7289, 7290, 7291, 7294, 7296, 7299, 7307, 4237, 7354, 7355, 7356, 7358, 7359, 8386, 8387, 7364, 8388, 7366, 8390, 8391, 7369, 8396, 8398, 7375, 7376, 7377, 8401, 7380, 7382, 8407, 8408, 7385, 8409, 8412, 8414, 7393, 8417, 8425, 4366, 7483, 7484, 7485, 7487, 7488, 7493, 7495, 7498, 7504, 7505, 7506, 7509, 7511, 7514, 6494, 6495, 6496, 6498, 6499, 7522, 6504, 6506, 6509, 6515, 6516, 6517, 6520, 6522, 6525, 6533, 6538, 6541, 6543, 6552, 6563, 6568, 436, 7612, 7613, 7614, 7616, 7617, 8644, 8645, 7622, 8646, 7624, 8648, 8649, 7627, 8654, 8656, 7633, 7634, 7635, 8659, 7638, 7640, 8665, 8666, 7643, 8667, 8670, 8672, 7651, 8675, 8683, 522, 6687, 7741, 7742, 7743, 7745, 7746, 7751, 7753, 7756, 7762, 7763, 7764, 7767, 7769, 7772, 608, 7780, 6816, 694, 6838, 6839, 6840, 6842, 6843, 6848, 6850, 6853, 6859, 6860, 6861, 6864, 6866, 6869, 6877, 7913, 7914, 7915, 7917, 7918, 7923, 7925, 7928, 3835, 7934, 7935, 7936, 7939, 7941, 7944, 3850, 780, 6924, 6925, 6926, 6928, 6929, 7952, 6934, 6936, 6939, 6945, 6946, 6947, 6950, 6952, 6955, 6963, 861, 862, 863, 865, 866, 7010, 7011, 7012, 7014, 871, 7015, 873, 8042, 8043, 8044, 876, 8046, 7020, 7022, 8047, 7025, 882, 8052, 884, 883, 7031, 8054, 8057, 887, 7032, 7033, 889, 7038, 7036, 892, 8063, 8064, 8065, 7041, 900, 8068, 8070, 8073, 7049, 8081, 7096, 7097, 7098, 7100, 7101, 7106, 7108, 7111, 7117, 7118, 7119, 7122, 7124, 7127, 7135}
79 {5794, 5778, 5764, 5767, 5769, 5789}
80 {1920, 1922, 1925, 1926, 1928, 1896, 1930, 1901, 1934, 1904, 1910, 1912, 1913, 1918}
81 {5040}
82 {1664, 1667, 1668, 1638, 1670, 1672, 1643, 1676, 1646, 1652, 1654, 1655, 1660, 1662}
83 {4868, 2058, 2316, 2574, 1935, 2832, 2193, 2451, 2709, 1941, 2199, 2967, 2457, 2715, 2973, 4782, 1972, 2230, 2488, 2746, 2107, 3004, 2365, 2623, 2113, 2881, 2371, 2629, 2887, 4696, 2144, 2402, 2660, 2021, 2918, 2279, 2537, 2795, 2027, 2285, 2543, 2801}
84 {4480, 1793, 4481, 1796, 1797, 1799, 1801, 1805, 1681, 1685, 1686, 1689, 1695, 1697, 1698, 1703, 1705, 4394, 4395, 1707, 4910, 4911, 1710, 5169, 1711, 1713, 1715, 1719, 1595, 1599, 1600, 1603, 1609, 1611, 1612, 1617, 1619, 1621, 4566, 4567, 1624, 1625, 1627, 1629, 1633, 1767, 1771, 1772, 1775, 1781, 1783, 1784, 1789, 1791}
85 {5427}
86 {1857, 1858, 1891, 1861, 1867, 1885, 1869, 1870, 1875, 1877, 1879, 1882, 1883, 1853, 1887}
87 {5097, 5082}
88 {1793, 1796, 1797, 1799, 1801, 1805, 4394, 4395, 4910, 4911, 1595, 1599, 1600, 1603, 1609, 1611, 1612, 1617, 1619, 1621, 1624, 1625, 1627, 1629, 5470, 1633, 4480, 4481, 4996, 4997, 1681, 1685, 1686, 1689, 1695, 1697, 1698, 1703, 1705, 1707, 1710, 1711, 1713, 1715, 1719, 4566, 4567, 5341, 1767, 1771, 1772, 1775, 1781, 1783, 1784, 1789, 1791}
89 {4652, 4653}
90 {1793, 1796, 1797, 1799, 1801, 1805, 1595, 1599, 1600, 1603, 1609, 1611, 1612, 1617, 1619, 1621, 1624, 1625, 1627, 1629, 1633, 4738, 4739, 1681, 1685, 1686, 1689, 1695, 1697, 1698, 1703, 1705, 1707, 1710, 1711, 1713, 1715, 1719, 1767, 1771, 1772, 1775, 1781, 1783, 1784, 1789, 1791}
91 {4824, 4839}
92 {6201}
93 {904, 905, 1098, 906, 908, 909, 914, 916, 919, 925, 926, 927, 930, 932, 935, 943, 1083}
94 {522, 7182, 7183, 7184, 7186, 7187, 8043, 7192, 8044, 7194, 7197, 6687, 8046, 7203, 7204, 7205, 7208, 7210, 7213, 7031, 7221, 7741, 7742, 7743, 8052, 7745, 7746, 7751, 7753, 6730, 7756, 7762, 7763, 7764, 7038, 7767, 7769, 8057, 7772, 608, 7268, 7269, 7270, 7780, 7272, 7273, 7278, 7280, 7283, 7289, 7290, 7291, 7294, 7296, 7299, 7307, 4237, 6816, 694, 6838, 6839, 6840, 7354, 7355, 7356, 6842, 7358, 7359, 6843, 6848, 8386, 8387, 7364, 8388, 7366, 8390, 8391, 7369, 6850, 6853, 8396, 6859, 8398, 7375, 7376, 7377, 8401, 6860, 7380, 6861, 7382, 8407, 8408, 7385, 8409, 6866, 8412, 6869, 8414, 6877, 7393, 8417, 884, 6864, 8425, 7913, 7914, 7915, 7917, 7918, 7923, 7925, 7928, 3835, 7934, 7935, 7936, 7939, 7941, 7944, 3850, 780, 6924, 4366, 6925, 6926, 6928, 6929, 7952, 6934, 6936, 6939, 6945, 6946, 6947, 6950, 6952, 6955, 6963, 876, 7483, 7484, 7485, 7487, 7488, 7493, 7495, 7498, 7504, 7505, 7506, 7509, 7511, 7514, 861, 6494, 6495, 6496, 862, 6498, 6499, 7522, 863, 865, 866, 6504, 7010, 6506, 7011, 7020, 6509, 7014, 871, 7015, 873, 8042, 6515, 6516, 6517, 7022, 8047, 6520, 7025, 6522, 882, 883, 6525, 8054, 887, 7032, 7033, 889, 7036, 892, 6533, 8063, 8064, 8065, 7041, 900, 8068, 8070, 8073, 7049, 8081, 436, 7096, 7097, 7098, 7612, 7613, 7614, 7100, 7616, 7617, 7101, 7106, 8644, 8645, 7622, 8646, 7624, 8648, 8649, 7627, 7108, 7111, 8654, 7117, 8656, 7633, 7634, 7635, 8659, 7012, 7638, 7118, 7640, 8665, 8666, 7643, 8667, 7124, 8670, 7127, 8672, 7135, 7651, 8675, 7119, 8683, 7122}
95 {8097, 8100, 8106, 8107, 8108, 8111, 8113, 8116, 8085, 8086, 8087, 8089, 8090, 8124, 8095}
96 {7074, 7075, 7076, 7079, 7081, 7084, 7053, 7054, 7055, 7057, 7058, 7092, 7063, 7065, 7068}
97 {7182, 7183, 7184, 7186, 7187, 7192, 7194, 7197, 7203, 7204, 7205, 7208, 7210, 7213, 7221, 7268, 7269, 7270, 7272, 7273, 7278, 7280, 7283, 7289, 7290, 7291, 7294, 7296, 7299, 7307, 4237, 7354, 7355, 7356, 7358, 7359, 8386, 8387, 7364, 8388, 7366, 8390, 8391, 7369, 8396, 8398, 7375, 7376, 7377, 8401, 7380, 7382, 8407, 8408, 7385, 8409, 8412, 8414, 7393, 8417, 8425, 4366, 7483, 7484, 7485, 7487, 7488, 7493, 7495, 7498, 7504, 7505, 7506, 7509, 7511, 7514, 6494, 6495, 6496, 6498, 6499, 7522, 6504, 6506, 6509, 6515, 6516, 6517, 6520, 6522, 6525, 6533, 6537, 6538, 6539, 6541, 6542, 6547, 6549, 6552, 6558, 6559, 6560, 6563, 6565, 6568, 6576, 436, 7612, 7613, 7614, 7616, 7617, 8644, 8645, 7622, 8646, 7624, 8648, 8649, 7627, 8654, 8656, 7633, 7634, 7635, 8659, 7638, 7640, 8665, 8666, 7643, 8667, 8670, 8672, 7651, 8675, 8683, 522, 6687, 7741, 7742, 7743, 7745, 7746, 7751, 7753, 7756, 7762, 7763, 7764, 7767, 7769, 7772, 608, 7780, 6816, 694, 6838, 6839, 6840, 6842, 6843, 6848, 6850, 6853, 6859, 6860, 6861, 6864, 6866, 6869, 6877, 7913, 7914, 7915, 7917, 7918, 7923, 7925, 7928, 3835, 7934, 7935, 7936, 7939, 7941, 7944, 3850, 780, 6924, 6925, 6926, 6928, 6929, 7952, 6934, 6936, 6939, 6945, 6946, 6947, 6950, 6952, 6955, 6963, 861, 862, 863, 865, 866, 7010, 7011, 7012, 7014, 871, 7015, 873, 8042, 8043, 8044, 876, 8046, 7020, 7022, 8047, 7025, 882, 8052, 884, 883, 7031, 8054, 8057, 887, 7032, 7033, 889, 7038, 7036, 892, 8063, 8064, 8065, 7041, 900, 8068, 8070, 8073, 7049, 8081, 7096, 7097, 7098, 7100, 7101, 7106, 7108, 7111, 7117, 7118, 7119, 7122, 7124, 7127, 7135}
98 {7425, 7428, 7397, 7398, 7399, 7401, 7402, 7436, 7407, 7409, 7412, 7418, 7419, 7420, 7423}
99 {4280, 4194, 4022}
100 {7170, 7139, 7140, 7141, 7143, 7144, 7178, 7149, 7151, 7154, 7160, 7161, 7162, 7165, 7167}
101 {3090, 3348, 3606, 3225, 3483, 3741, 3231, 3489, 3747, 3878, 3893, 3262, 3520, 3778, 3139, 3397, 3655, 3145, 3403, 3661, 3176, 3434, 3692, 3053, 3311, 3569, 3059, 3317, 3575}
102 {6595, 6611, 6581, 6584, 6586, 6606}
103 {8708, 8709, 8710, 8713, 8715, 8718, 8687, 8688, 8689, 8691, 8692, 8726, 8697, 8699, 8702}
104 {7681, 7683, 7686, 7655, 7656, 7657, 7659, 7660, 7694, 7665, 7667, 7670, 7676, 7677, 7678}
105 {7332, 7333, 7334, 7337, 7339, 7342, 7311, 7312, 7313, 7315, 7316, 7350, 7321, 7323, 7326}
106 {6912, 6881, 6882, 6883, 6885, 6886, 6920, 6891, 6893, 6896, 6902, 6903, 6904, 6907, 6909}
107 {7264, 7235, 7237, 7240, 7246, 7247, 7248, 7251, 7253, 7256, 7225, 7226, 7227, 7229, 7230}
108 {8450, 8451, 8452, 8455, 8457, 8460, 8429, 8430, 8431, 8433, 8434, 8468, 8439, 8441, 8444}
109 {6977, 6979, 6982, 6988, 6989, 6990, 6993, 6995, 6998, 6967, 6968, 6969, 6971, 6972, 7006}
110 {7552, 7554, 7557, 7526, 7527, 7528, 7530, 7531, 7565, 7536, 7538, 7541, 7547, 7548, 7549}
111 {1793, 1796, 1797, 1799, 1801, 1805, 7956, 7957, 7958, 7960, 7961, 7966, 7968, 7971, 7977, 7978, 7979, 7982, 7984, 7987, 4409, 1595, 7995, 4925, 1603, 1609, 1611, 1612, 1614, 1617, 1619, 1621, 1624, 1625, 1627, 1629, 1633, 7784, 7785, 7786, 7788, 7789, 7794, 7796, 7799, 7805, 7806, 7807, 7810, 7812, 7815, 4495, 7823, 1681, 1689, 1695, 1697, 1698, 1700, 1703, 1705, 1707, 1710, 1711, 1713, 1715, 1719, 4581, 1767, 1775, 1781, 1783, 1784, 1786, 1789, 1791}
112 {5083}
113 {4825}
114 {5298, 5212, 5126}
115 {1920, 1922, 1925, 1926, 1928, 1896, 1930, 1900, 1901, 1934, 1904, 1910, 1912, 1913, 1918}
116 {5040, 5039}
117 {1664, 1667, 1668, 1638, 1670, 1672, 1642, 1643, 1676, 1646, 1652, 1654, 1655, 1660, 1662}
118 {4867, 4868, 2058, 2316, 2574, 2832, 2107, 2365, 2623, 2113, 2881, 2371, 2629, 2887, 4695, 4696, 2144, 2402, 2660, 2918, 1935, 2193, 2451, 2709, 1941, 2199, 2967, 2457, 2715, 2973, 4781, 4782, 1972, 2230, 2488, 2746, 3004, 2021, 2279, 2537, 2795, 2027, 2285, 2543, 2801}
119 {962, 968, 969, 970, 973, 975, 978, 986, 1571, 1399, 947, 948, 949, 951, 952, 957, 959}
120 {6773}
121 {1793, 1796, 1797, 1799, 1801, 1805, 4395, 4911, 1595, 1600, 1603, 1609, 1611, 1612, 1617, 1619, 1621, 1624, 1625, 1627, 1629, 1633, 4481, 1681, 1686, 1689, 1695, 1697, 1698, 1703, 1705, 1707, 1710, 1711, 1713, 1715, 1719, 8128, 8129, 8130, 8132, 8133, 8138, 8140, 8143, 8149, 8150, 4567, 8151, 8154, 8156, 8159, 1767, 8167, 1772, 1775, 1781, 1783, 1784, 1789, 1791}
122 {6592, 6595, 6601, 6602, 6603, 6606, 6608, 6611, 6580, 6581, 6582, 6584, 6585, 6619, 6590}
123 {7461, 7462, 7463, 7466, 7468, 7471, 7440, 7441, 7442, 7444, 7445, 7479, 7450, 7452, 7455}
124 {4065, 3850, 3835}
125 {4323}
126 {3096, 3133, 3102}
127 {1793, 1796, 1797, 1799, 1801, 1805, 4394, 4910, 4409, 1595, 4925, 1599, 1603, 1609, 1611, 1612, 1614, 3921, 1617, 1619, 1621, 1624, 1625, 1627, 1629, 3936, 1633, 4480, 4495, 1681, 1685, 1689, 1695, 1697, 1698, 1700, 1703, 1705, 1707, 1710, 1711, 1713, 1715, 1719, 4566, 4581, 1767, 1771, 1775, 1781, 1783, 1784, 1786, 1789, 1791}
128 {3440, 3477, 3446}
129 {3219, 3188, 3182}
130 {3305, 3274, 3268}
131 {3649, 3618, 3612}
132 {3704, 3698, 3735}
133 {3360, 3354, 3391}
134 {3784, 3821, 3790}
135 {3563, 3532, 3526}
136 {6624, 6627, 6629, 6638, 6649, 6654}
137 {897, 8769, 522, 780, 8730, 8731, 860, 8732, 8734, 8735, 608, 866, 8740, 8742, 8745, 8751, 8752, 8753, 436, 8756, 694, 8758, 8761}
138 {7713, 7719, 7720, 7721, 7724, 7726, 7729, 7698, 7699, 7700, 7702, 7703, 7737, 7708, 7710}
139 {1793, 1796, 1797, 1799, 1801, 1805, 8472, 8473, 8474, 8476, 8477, 8482, 8484, 8487, 4395, 8493, 8494, 4911, 8495, 8498, 8500, 8503, 1595, 8511, 1600, 1603, 1609, 1611, 1612, 1617, 1619, 1621, 1624, 1625, 1627, 1629, 1633, 4481, 1681, 1686, 1689, 1695, 1697, 1698, 1703, 1705, 1707, 1710, 1711, 1713, 1715, 1719, 4567, 1767, 1772, 1775, 1781, 1783, 1784, 1789, 1791}
140 {7584, 7590, 7591, 7592, 7595, 7597, 7600, 7569, 7570, 7571, 7573, 7574, 7608, 7579, 7581}
141 {7842, 7848, 7849, 7850, 7853, 7855, 7858, 7827, 7828, 7829, 7831, 7832, 7866, 7837, 7839}
142 {4452}
143 {8000, 8001, 8003, 8004, 8038, 8009, 8011, 8014, 8020, 8021, 8022, 8025, 8027, 8030, 7999}
144 {1793, 1796, 1797, 1799, 1801, 1805, 1810, 1818, 1824, 1826, 1827, 1829, 1832, 1834, 4395, 1836, 4911, 1839, 1840, 1842, 1844, 1848, 1595, 1600, 1603, 1609, 1611, 1612, 1617, 1619, 1621, 1624, 1625, 1627, 1629, 1633, 4481, 1681, 1686, 1689, 1695, 1697, 1698, 1703, 1705, 1707, 1710, 1711, 1713, 1715, 1719, 4567, 1767, 1772, 1775, 1781, 1783, 1784, 1789, 1791}
145 {1762, 1756, 1732, 1738, 1740, 1741, 1743, 1746, 1748, 1750, 1753, 1754, 1724, 1758}
146 {1664, 1667, 1668, 1638, 1670, 4968, 1672, 1676, 1646, 1652, 1654, 1655, 1657, 1660, 1662}
147 {4538}
148 {2058, 2316, 2574, 1935, 4624, 2832, 4882, 2193, 2451, 2709, 1941, 2199, 2967, 2457, 2715, 2973, 1972, 2230, 2488, 2746, 2107, 3004, 2365, 2623, 2113, 2881, 2371, 2629, 2887, 2144, 2402, 2660, 2021, 4710, 2918, 2279, 2537, 2795, 2027, 2285, 2543, 2801}
149 {5255}
150 {5082, 5083}
151 {4824, 4825}
152 {992, 994, 995, 1029, 1000, 1002, 1005, 1011, 1012, 1013, 1016, 1018, 1021, 990, 991}
153 {8192, 8193, 8194, 8197, 8199, 8202, 8171, 8172, 8173, 8175, 8176, 8210, 8181, 8183, 8186}
154 {6624, 6625, 6627, 6628, 6662, 6633, 6635, 6638, 6644, 6645, 6646, 6649, 6651, 6654, 6623}
155 {4194, 4108, 4022}
156 {3979, 3964}
157 {903, 1098, 1083, 940, 909}
158 {1793, 1796, 1797, 1799, 1801, 1805, 4409, 1595, 4925, 1603, 8773, 8774, 8775, 1609, 8777, 1611, 1612, 8778, 1614, 8783, 1617, 8785, 1619, 8788, 1621, 1624, 1625, 8794, 1627, 8795, 1629, 8796, 8799, 1633, 8801, 8804, 8812, 4495, 1681, 1689, 1695, 1697, 1698, 1700, 1703, 1705, 1707, 1710, 1711, 1713, 1715, 1719, 4581, 1767, 1775, 1781, 1783, 1784, 1786, 1789, 1791}
159 {8546, 8515, 8516, 8517, 8519, 8520, 8554, 8525, 8527, 8530, 8536, 8537, 8538, 8541, 8543}
160 {7872, 7874, 7875, 7909, 7880, 7882, 7885, 7891, 7892, 7893, 7896, 7898, 7901, 7870, 7871}
161 {1891, 1861, 1867, 1885, 1869, 1870, 1872, 1875, 1877, 1879, 1882, 1883, 1853, 1887}
162 {4480, 1793, 4481, 1796, 1797, 1799, 1801, 1805, 1681, 5011, 1685, 1686, 1689, 1695, 1697, 1698, 1703, 1705, 4394, 4395, 1707, 4910, 4911, 1710, 1711, 1713, 1715, 1719, 1595, 1599, 1600, 1603, 1609, 1611, 1612, 1617, 1619, 1621, 4566, 4567, 1624, 1625, 1627, 1629, 5470, 5341, 1633, 1767, 1771, 1772, 1775, 1781, 1783, 1784, 1789, 1791}
163 {4667}
164 {1793, 1796, 1797, 1799, 1801, 1805, 4753, 1681, 1689, 1695, 1697, 1698, 1700, 1703, 1705, 1707, 1710, 1711, 1713, 1715, 1719, 1595, 1603, 1609, 1611, 1612, 1614, 1617, 1619, 1621, 1624, 1625, 1627, 1629, 1633, 1767, 1775, 1781, 1783, 1784, 1786, 1789, 1791}
165 {1056, 1059, 1061, 1064, 1033, 1034, 1035, 1037, 1038, 1072, 1043, 1045, 1048, 1054, 1055}
166 {7040, 7298, 891, 7943, 8072, 522, 3850, 780, 4237, 4366, 8214, 8215, 8216, 8218, 8219, 8224, 8226, 8229, 6954, 8235, 7212, 8236, 8237, 8240, 8242, 436, 8245, 694, 8253, 6868, 7126, 7384, 7513, 7642, 7771, 608, 8416, 8674, 3835, 6524}
167 {4151}
168 {946, 1571, 983, 1399, 952}
169 {8837, 8838, 8839, 8842, 8844, 8847, 8816, 8817, 8818, 8820, 8821, 8855, 8826, 8828, 8831}
170 {7124, 522, 6515, 7182, 7183, 7184, 7025, 7186, 7187, 6516, 6517, 7192, 7194, 7197, 7638, 7203, 7204, 7205, 6520, 7208, 7210, 7213, 6522, 7032, 7221, 7033, 7741, 7742, 7743, 7745, 7746, 7751, 7036, 7753, 7756, 7762, 7763, 7764, 7038, 7767, 7769, 7772, 608, 7268, 7269, 7270, 7780, 7272, 7273, 7278, 7280, 7283, 7289, 7290, 7291, 7294, 7296, 7299, 7307, 4237, 694, 6838, 6839, 6840, 6842, 6843, 7354, 7355, 7358, 7359, 7356, 6848, 8386, 8387, 8388, 7364, 8390, 8391, 6850, 7366, 6853, 7369, 8396, 6859, 8398, 7375, 6860, 8401, 7376, 6861, 7377, 6869, 6864, 8407, 8408, 7385, 8409, 7380, 8412, 6877, 7382, 8414, 889, 8417, 7393, 884, 7913, 7914, 7915, 8425, 7917, 7918, 6866, 7923, 7925, 7928, 3835, 7934, 7935, 7936, 7939, 7941, 7944, 3850, 780, 6924, 4366, 6925, 6926, 6928, 6929, 7952, 6934, 6936, 6939, 871, 6945, 6946, 6947, 6950, 6952, 873, 6955, 887, 6963, 876, 7483, 7484, 7485, 7487, 7488, 7493, 7495, 7498, 7504, 7505, 7506, 7509, 882, 7511, 7514, 883, 861, 6494, 862, 6495, 865, 866, 7010, 7011, 863, 6496, 7012, 7014, 6498, 8042, 8043, 8044, 7015, 8558, 8559, 8560, 8046, 8562, 8047, 8563, 7020, 8052, 7022, 8568, 8054, 8570, 8057, 892, 6525, 8573, 7031, 8063, 7041, 8064, 8579, 900, 6533, 8580, 8065, 8581, 8073, 7049, 8068, 8584, 8589, 8070, 8586, 8081, 8597, 436, 7096, 7097, 7098, 6499, 7100, 7101, 7614, 7612, 7613, 7617, 7616, 7106, 8644, 8645, 8646, 7622, 8648, 8649, 7108, 7624, 7111, 7627, 8654, 7117, 8656, 7633, 7634, 8659, 6504, 7118, 7522, 7127, 7119, 8665, 8666, 7643, 7635, 8667, 6506, 7135, 8670, 7640, 8672, 8675, 7651, 8683, 6509, 7122}
171 {1920, 1922, 1925, 1926, 1928, 1896, 1930, 1934, 1904, 1910, 1912, 1913, 1915, 1918}
172 {5054}
173 {1664, 1667, 1668, 1638, 1670, 1672, 1676, 1646, 1652, 1654, 1655, 1657, 1660, 1662}
174 {2058, 2316, 2574, 1935, 2832, 2193, 4882, 2451, 2709, 1941, 2199, 2967, 2457, 2715, 2973, 1972, 2230, 2488, 2746, 2107, 4796, 2365, 3004, 2623, 2113, 2881, 2371, 2629, 2887, 2144, 2402, 2660, 2021, 4710, 2918, 2279, 2537, 2795, 2027, 2285, 2543, 2801}
175 {1098, 1083, 934}
176 {8288, 8257, 8258, 8259, 8261, 8262, 8296, 8267, 8269, 8272, 8278, 8279, 8280, 8283, 8285}
177 {8115}
178 {7083}
179 {522, 7182, 7183, 7184, 7186, 7187, 8043, 7192, 8044, 7194, 7197, 6687, 8046, 7203, 7204, 7205, 7208, 7210, 7213, 7031, 7221, 7741, 7742, 7743, 8052, 7745, 7746, 7751, 7753, 7756, 7762, 7763, 7764, 7038, 7767, 7769, 8057, 7772, 608, 7268, 7269, 7270, 7780, 7272, 7273, 7278, 7280, 7283, 7289, 7290, 7291, 7294, 7296, 7299, 7307, 4237, 6816, 694, 6838, 6839, 6840, 7354, 7355, 7356, 6842, 7358, 7359, 6843, 6848, 8386, 8387, 7364, 8388, 7366, 8390, 8391, 7369, 6850, 6853, 8396, 6859, 8398, 7375, 7376, 7377, 8401, 6860, 7380, 6861, 7382, 8407, 8408, 7385, 8409, 6866, 8412, 6869, 8414, 6877, 7393, 8417, 884, 6864, 8425, 7913, 7914, 7915, 7917, 7918, 7923, 7925, 7928, 3835, 7934, 7935, 7936, 7939, 7941, 7944, 3850, 780, 6924, 4366, 6925, 6926, 6928, 6929, 7952, 6934, 6936, 6939, 6945, 6946, 6947, 6950, 6952, 6955, 6963, 876, 7483, 7484, 7485, 7487, 7488, 7493, 7495, 7498, 7504, 7505, 7506, 7509, 7511, 7514, 861, 6494, 6495, 6496, 862, 6498, 6499, 7522, 863, 865, 866, 6504, 7010, 6506, 7011, 7020, 6509, 7014, 871, 7015, 873, 8042, 6515, 6516, 6517, 7022, 8047, 6520, 7025, 6522, 882, 883, 6525, 8054, 887, 7032, 7033, 889, 7036, 892, 6533, 8063, 8064, 8065, 7041, 900, 8068, 8070, 8073, 7049, 8081, 6567, 436, 7096, 7097, 7098, 7612, 7613, 7614, 7100, 7616, 7617, 7101, 7106, 8644, 8645, 7622, 8646, 7624, 8648, 8649, 7627, 7108, 7111, 8654, 7117, 8656, 7633, 7634, 7635, 8659, 7012, 7638, 7118, 7640, 8665, 8666, 7643, 8667, 7124, 8670, 7127, 8672, 7135, 7651, 8675, 7119, 8683, 7122}
180 {7427}
181 {7169}
182 {8717}
183 {7685}
184 {7341}
185 {6911}
186 {7255}
187 {8459}
188 {6997}
189 {7556}
190 {1793, 1796, 1797, 7814, 1799, 1801, 1805, 4495, 1681, 1689, 1695, 1697, 1698, 1700, 1703, 1705, 1707, 1710, 1711, 1713, 7986, 1715, 1719, 4409, 1595, 4925, 1603, 1609, 1611, 1612, 1614, 1617, 1619, 1621, 1624, 1625, 1627, 1629, 1633, 4581, 1767, 1775, 1781, 1783, 1784, 1786, 1789, 1791}
191 {1026, 995, 989}
192 {8864, 8860, 8898, 8869, 8871, 8874, 8880, 8881, 8882, 8885, 8887, 8890, 8859, 3836, 8861, 8863}
193 {8640, 8611, 8613, 8616, 8622, 8623, 8624, 8627, 8629, 8632, 8601, 8602, 8603, 8605, 8606}
194 {5097}
195 {4839}
196 {977, 1571, 1399}
197 {7124, 522, 7182, 7183, 7184, 6516, 7186, 7187, 6517, 7192, 7194, 7197, 7203, 7204, 7205, 6520, 7208, 7210, 7213, 6522, 7221, 7033, 7741, 7742, 7743, 7745, 7746, 7751, 7753, 7756, 7762, 7763, 7764, 7038, 7767, 7769, 7772, 608, 7268, 7269, 7270, 7780, 7272, 7273, 8300, 8301, 8302, 7278, 8304, 8305, 7280, 7283, 8310, 8312, 7289, 7290, 8315, 7291, 7294, 7296, 8321, 8322, 7299, 8323, 8326, 8328, 8331, 7307, 4237, 8339, 694, 6838, 6839, 6840, 6842, 6843, 7354, 7355, 7358, 7359, 7356, 6848, 8386, 8387, 8388, 7364, 8390, 8391, 6850, 7366, 6853, 7369, 8396, 6859, 8398, 7375, 6860, 8401, 7376, 6861, 7377, 6869, 6864, 8407, 8408, 7385, 8409, 7380, 8412, 6877, 7382, 8414, 889, 8417, 7393, 884, 7913, 7914, 7915, 8425, 7917, 7918, 6866, 7923, 7925, 7928, 3835, 7934, 7935, 7936, 7939, 7941, 7944, 3850, 780, 6924, 4366, 6925, 6926, 6928, 6929, 7952, 6934, 6936, 6939, 871, 6945, 6946, 6947, 6950, 6952, 873, 6955, 887, 6963, 876, 7483, 7484, 7485, 7487, 7488, 7493, 7495, 7498, 7504, 7505, 7506, 7509, 7511, 7514, 883, 861, 6494, 862, 6495, 865, 866, 7010, 7011, 863, 6496, 7012, 6498, 6499, 8042, 8043, 8044, 7014, 8046, 8047, 7015, 6504, 7020, 6506, 8052, 7022, 8054, 7025, 882, 8057, 6515, 7031, 892, 6525, 7032, 8063, 8064, 7041, 8065, 7036, 900, 6533, 8068, 8070, 8073, 7049, 8081, 436, 7096, 7097, 7098, 7100, 7101, 7614, 7612, 7613, 7617, 7616, 7106, 8644, 8645, 8646, 7622, 8648, 8649, 7108, 7624, 7111, 7627, 8654, 7117, 8656, 7633, 7634, 8659, 7118, 7119, 7522, 7127, 7635, 8665, 8666, 7643, 8667, 7638, 8670, 7135, 7640, 8672, 8675, 7651, 8683, 6509, 7122}
198 {1793, 4481, 1796, 1797, 1799, 1801, 1805, 1681, 1686, 1689, 1695, 1697, 1698, 1703, 1705, 4395, 1707, 1710, 4911, 1711, 1713, 1715, 1719, 1595, 1600, 1603, 1609, 1611, 1612, 1617, 1619, 1621, 4567, 1624, 1625, 1627, 1629, 8158, 1633, 1767, 1772, 1775, 1781, 1783, 1784, 1789, 1791}
199 {6610}
200 {7470}
201 {608, 897, 866, 522, 780, 436, 694, 8760, 860}
202 {7728}
203 {1793, 4481, 1796, 1797, 1799, 1801, 1805, 1681, 1686, 1689, 1695, 1697, 1698, 1703, 1705, 4395, 1707, 1710, 4911, 1711, 1713, 1715, 8502, 1719, 1595, 1600, 1603, 1609, 1611, 1612, 1617, 1619, 1621, 4567, 1624, 1625, 1627, 1629, 1633, 1767, 1772, 1775, 1781, 1783, 1784, 1789, 1791}
204 {7599}
205 {7857}
206 {8029}
207 {1032, 1069, 1038}
208 {8928, 8930, 8933, 8902, 8903, 8904, 8906, 8907, 8941, 8912, 8914, 8917, 8923, 8924, 8925}
209 {3520, 3778, 3139, 3397, 3655, 3145, 3403, 3661, 3090, 3348, 3606, 3225, 3483, 3741, 3231, 3489, 3747, 3879, 3176, 3434, 3692, 3053, 3311, 3569, 3059, 3317, 3575, 3262}
210 {1020}
211 {8353, 8355, 8358, 8364, 8365, 8366, 8369, 8371, 8374, 8343, 8344, 8345, 8347, 8348, 8382}
212 {8201}
213 {6653}
214 {1793, 1796, 1797, 1799, 1801, 1805, 4495, 1681, 1689, 1695, 1697, 1698, 1700, 1703, 1705, 1707, 1710, 1711, 1713, 1715, 1719, 4409, 1595, 4925, 1603, 1609, 1611, 1612, 1614, 1617, 1619, 1621, 1624, 1625, 1627, 1629, 1633, 8803, 4581, 1767, 1775, 1781, 1783, 1784, 1786, 1789, 1791}
215 {8545}
216 {7900}
217 {522, 6515, 7182, 7183, 7184, 7025, 7186, 7187, 6516, 7635, 6517, 7192, 7194, 7197, 7203, 7204, 7205, 7208, 7210, 7213, 7032, 7221, 7033, 7741, 7742, 7743, 7745, 7746, 7751, 7753, 7756, 7762, 7763, 7764, 7767, 7769, 7772, 608, 7268, 7269, 7270, 7780, 7272, 7273, 7278, 7280, 7283, 7289, 7290, 7291, 7294, 7296, 7299, 7307, 4237, 694, 6838, 6839, 6840, 6842, 7354, 7355, 7356, 7358, 6843, 7359, 6848, 8386, 8387, 8388, 7364, 8390, 8391, 6850, 7366, 6853, 7369, 8396, 6859, 8398, 7375, 6864, 8401, 6866, 6860, 7380, 6869, 7382, 8407, 7376, 7385, 8408, 6861, 8412, 6877, 8414, 8409, 8417, 7393, 884, 7913, 7914, 7915, 8425, 7917, 7918, 8945, 8946, 8947, 7923, 8949, 8950, 7925, 7928, 3835, 8955, 8957, 7934, 7935, 8960, 7936, 7377, 7939, 7941, 8966, 8967, 7944, 8968, 3850, 8971, 780, 8973, 4366, 6924, 8976, 6925, 6926, 6928, 6929, 7952, 6934, 8984, 6936, 6939, 6945, 6946, 6947, 6950, 6952, 873, 6955, 6963, 876, 7483, 7484, 7485, 7487, 7488, 7493, 7495, 7498, 7504, 7505, 7506, 7509, 882, 7511, 7514, 883, 861, 6494, 862, 6495, 865, 7010, 7011, 863, 6496, 7012, 7014, 6498, 866, 8042, 8043, 8044, 7015, 8046, 8047, 871, 6504, 7020, 6506, 8052, 7022, 8054, 887, 6520, 889, 6522, 8057, 892, 7036, 7038, 6525, 7031, 7041, 8063, 8064, 8068, 900, 8070, 6533, 8065, 8073, 7049, 8081, 436, 7096, 7097, 7098, 6499, 7100, 7612, 7614, 7613, 7616, 7617, 7101, 7106, 8644, 8645, 8646, 7622, 8648, 8649, 7108, 7624, 7111, 7627, 8654, 7117, 8656, 7633, 7122, 8659, 7124, 7634, 7638, 7127, 7640, 7522, 8665, 7643, 8666, 8667, 8670, 7135, 8672, 8675, 7651, 7118, 7119, 8683, 6509}
218 {1793, 4481, 1796, 1797, 1799, 1801, 1805, 1681, 1686, 1689, 1695, 1697, 1698, 1703, 1705, 4395, 1707, 1710, 4911, 1711, 1713, 1715, 1719, 1595, 1600, 1603, 1609, 1611, 1612, 1617, 3922, 1619, 1621, 4567, 1624, 1625, 1627, 1629, 1633, 1767, 1772, 1775, 1781, 1783, 1784, 1789, 1791}
219 {1063}
220 {7040, 7298, 7943, 8072, 522, 3850, 780, 4237, 4366, 6868, 7126, 7384, 7513, 7642, 7771, 3835, 608, 8416, 8674, 6954, 7212, 8244, 436, 694, 891, 6524}
221 {8846}
222 {7040, 7298, 7943, 8072, 522, 3850, 780, 8588, 4237, 4366, 6868, 7126, 7384, 7513, 7642, 7771, 3835, 608, 8416, 8674, 6954, 7212, 436, 694, 891, 6524}
223 {8992, 8993, 9027, 8998, 9000, 9003, 9009, 9010, 9011, 9014, 9016, 9019, 8988, 8989, 8990}
224 {3965}
225 {8287}
226 {8889, 3836}
227 {8631}
228 {7040, 7298, 7943, 8072, 522, 8330, 780, 4237, 3850, 4366, 6868, 7126, 7384, 7513, 7642, 7771, 3835, 608, 8416, 8674, 6954, 7212, 436, 694, 891, 6524}
229 {8932}
230 {8373}
231 {7040, 7298, 7943, 8072, 522, 3850, 780, 4237, 4366, 8975, 6868, 7126, 7384, 7513, 7642, 7771, 3835, 608, 8416, 8674, 6954, 7212, 436, 694, 891, 6524}
232 {9018}
